0 0
1 1
2 -1
10 1
11 4
12 0
20 -1
21 0
22 -4
100 1
101 4
102 0
110 4
111 9
112 0
120 0
121 0
122 0
200 -1
201 0
202 -4
210 0
211 0
212 0
220 -4
221 0
222 -9
1000 1
1001 4
1002 0
1010 4
1011 9
1012 0
1020 0
1021 0
1022 0
1100 4
1101 9
1102 0
1110 9
1111 1000
1112 0
1120 0
1121 0
1122 0
1200 0
1201 0
1202 0
1210 0
1211 0
1212 0
1220 0
1221 0
1222 0
2000 -1
2001 0
2002 -4
2010 0
2011 0
2012 0
2020 -4
2021 0
2022 -9
2100 0
2101 0
2102 0
2110 0
2111 0
2112 0
2120 0
2121 0
2122 0
2200 -4
2201 0
2202 -9
2210 0
2211 0
2212 0
2220 -9
2221 0
2222 -1000
