-1276507664 0
-1276507665 1
-1276507662 -1
679807472 2
679807471 5
679807474 1
-1658844688 -2
-1658844689 -1
-1658844686 -5
1452375691 2
1452375690 5
1452375693 1
-886276469 8
-886276470 13
-886276467 4
1070038667 0
1070038666 0
1070038669 0
-113708250 -2
-113708251 -1
-113708248 -5
1842606886 0
1842606885 0
1842606888 0
-496045274 -8
-496045275 -4
-496045272 -13
-1278670352 2
-1278670353 5
-1278670350 1
677644784 8
677644783 13
677644786 4
-1661007376 0
-1661007377 0
-1661007374 0
1450213003 8
1450213002 13
1450213005 4
-888439157 18
-888439158 1009
-888439155 9
1067875979 0
1067875978 0
1067875981 0
-115870938 0
-115870939 0
-115870936 0
1840444198 0
1840444197 0
1840444200 0
-498207962 0
-498207963 0
-498207960 0
-1280833040 -2
-1280833041 -1
-1280833038 -5
675482096 0
675482095 0
675482098 0
-1663170064 -8
-1663170065 -4
-1663170062 -13
1448050315 0
1448050314 0
1448050317 0
-890601845 0
-890601846 0
-890601843 0
1065713291 0
1065713290 0
1065713293 0
-118033626 -8
-118033627 -4
-118033624 -13
1838281510 0
1838281509 0
1838281512 0
-500370650 -18
-500370651 -9
-500370648 -1009
-1276507633 1
-1276507632 2
-1276507631 0
679807503 5
679807504 8
679807505 4
-1658844657 -1
-1658844656 0
-1658844655 -4
1452375722 5
1452375723 8
1452375724 4
-886276438 13
-886276437 18
-886276436 9
1070038698 0
1070038699 0
1070038700 0
-113708219 -1
-113708218 0
-113708217 -4
1842606917 0
1842606918 0
1842606919 0
-496045243 -4
-496045242 0
-496045241 -9
-1278670321 5
-1278670320 8
-1278670319 4
677644815 13
677644816 18
677644817 9
-1661007345 0
-1661007344 0
-1661007343 0
1450213034 13
1450213035 18
1450213036 9
-888439126 1009
-888439125 2000
-888439124 1000
1067876010 0
1067876011 0
1067876012 0
-115870907 0
-115870906 0
-115870905 0
1840444229 0
1840444230 0
1840444231 0
-498207931 0
-498207930 0
-498207929 0
-1280833009 -1
-1280833008 0
-1280833007 -4
675482127 0
675482128 0
675482129 0
-1663170033 -4
-1663170032 0
-1663170031 -9
1448050346 0
1448050347 0
1448050348 0
-890601814 0
-890601813 0
-890601812 0
1065713322 0
1065713323 0
1065713324 0
-118033595 -4
-118033594 0
-118033593 -9
1838281541 0
1838281542 0
1838281543 0
-500370619 -9
-500370618 0
-500370617 -1000
-1276507730 -1
-1276507731 0
-1276507732 -2
679807406 1
679807405 4
679807404 0
-1658844754 -5
-1658844755 -4
-1658844756 -8
1452375625 1
1452375624 4
1452375623 0
-886276535 4
-886276536 9
-886276537 0
1070038601 0
1070038600 0
1070038599 0
-113708316 -5
-113708317 -4
-113708318 -8
1842606820 0
1842606819 0
1842606818 0
-496045340 -13
-496045341 -9
-496045342 -18
-1278670418 1
-1278670419 4
-1278670420 0
677644718 4
677644717 9
677644716 0
-1661007442 0
-1661007443 0
-1661007444 0
1450212937 4
1450212936 9
1450212935 0
-888439223 9
-888439224 1000
-888439225 0
1067875913 0
1067875912 0
1067875911 0
-115871004 0
-115871005 0
-115871006 0
1840444132 0
1840444131 0
1840444130 0
-498208028 0
-498208029 0
-498208030 0
-1280833106 -5
-1280833107 -4
-1280833108 -8
675482030 0
675482029 0
675482028 0
-1663170130 -13
-1663170131 -9
-1663170132 -18
1448050249 0
1448050248 0
1448050247 0
-890601911 0
-890601912 0
-890601913 0
1065713225 0
1065713224 0
1065713223 0
-118033692 -13
-118033693 -9
-118033694 -18
1838281444 0
1838281443 0
1838281442 0
-500370716 -1009
-500370717 -1000
-500370718 -2000
