3000000 0
3000001 1
3000002 -1
3000010 2
3000011 5
3000012 1
3000020 -2
3000021 -1
3000022 -5
3000100 3
3000101 6
3000102 2
3000110 9
3000111 14
3000112 5
3000120 1
3000121 1
3000122 1
3000200 -3
3000201 -2
3000202 -6
3000210 -1
3000211 -1
3000212 -1
3000220 -9
3000221 -5
3000222 -14
3001000 4
3001001 7
3001002 3
3001010 10
3001011 15
3001012 6
3001020 2
3001021 2
3001022 2
3001100 13
3001101 18
3001102 9
3001110 23
3001111 1014
3001112 14
3001120 5
3001121 5
3001122 5
3001200 1
3001201 1
3001202 1
3001210 1
3001211 1
3001212 1
3001220 1
3001221 1
3001222 1
3002000 -4
3002001 -3
3002002 -7
3002010 -2
3002011 -2
3002012 -2
3002020 -10
3002021 -6
3002022 -15
3002100 -1
3002101 -1
3002102 -1
3002110 -1
3002111 -1
3002112 -1
3002120 -1
3002121 -1
3002122 -1
3002200 -13
3002201 -9
3002202 -18
3002210 -5
3002211 -5
3002212 -5
3002220 -23
3002221 -14
3002222 -1014
3010000 3
3010001 4
3010002 2
3010010 7
3010011 10
3010012 6
3010020 1
3010021 2
3010022 -2
3010100 10
3010101 13
3010102 9
3010110 18
3010111 23
3010112 14
3010120 5
3010121 5
3010122 5
3010200 0
3010201 1
3010202 -3
3010210 1
3010211 1
3010212 1
3010220 -3
3010221 1
3010222 -8
3011000 13
3011001 16
3011002 12
3011010 21
3011011 26
3011012 17
3011020 8
3011021 8
3011022 8
3011100 26
3011101 31
3011102 22
3011110 1022
3011111 2013
3011112 1013
3011120 13
3011121 13
3011122 13
3011200 4
3011201 4
3011202 4
3011210 4
3011211 4
3011212 4
3011220 4
3011221 4
3011222 4
3012000 -1
3012001 0
3012002 -4
3012010 0
3012011 0
3012012 0
3012020 -4
3012021 0
3012022 -9
3012100 0
3012101 0
3012102 0
3012110 0
3012111 0
3012112 0
3012120 0
3012121 0
3012122 0
3012200 -4
3012201 0
3012202 -9
3012210 0
3012211 0
3012212 0
3012220 -9
3012221 0
3012222 -1000
3020000 -3
3020001 -2
3020002 -4
3020010 -1
3020011 2
3020012 -2
3020020 -7
3020021 -6
3020022 -10
3020100 0
3020101 3
3020102 -1
3020110 3
3020111 8
3020112 -1
3020120 -1
3020121 -1
3020122 -1
3020200 -10
3020201 -9
3020202 -13
3020210 -5
3020211 -5
3020212 -5
3020220 -18
3020221 -14
3020222 -23
3021000 1
3021001 4
3021002 0
3021010 4
3021011 9
3021012 0
3021020 0
3021021 0
3021022 0
3021100 4
3021101 9
3021102 0
3021110 9
3021111 1000
3021112 0
3021120 0
3021121 0
3021122 0
3021200 0
3021201 0
3021202 0
3021210 0
3021211 0
3021212 0
3021220 0
3021221 0
3021222 0
3022000 -13
3022001 -12
3022002 -16
3022010 -8
3022011 -8
3022012 -8
3022020 -21
3022021 -17
3022022 -26
3022100 -4
3022101 -4
3022102 -4
3022110 -4
3022111 -4
3022112 -4
3022120 -4
3022121 -4
3022122 -4
3022200 -26
3022201 -22
3022202 -31
3022210 -13
3022211 -13
3022212 -13
3022220 -1022
3022221 -1013
3022222 -2013
3100000 2
3100001 3
3100002 1
3100010 4
3100011 7
3100012 3
3100020 0
3100021 1
3100022 -3
3100100 7
3100101 10
3100102 6
3100110 13
3100111 18
3100112 9
3100120 5
3100121 5
3100122 5
3100200 -1
3100201 0
3100202 -4
3100210 1
3100211 1
3100212 1
3100220 -7
3100221 -3
3100222 -12
3101000 10
3101001 13
3101002 9
3101010 16
3101011 21
3101012 12
3101020 8
3101021 8
3101022 8
3101100 21
3101101 26
3101102 17
3101110 31
3101111 1022
3101112 22
3101120 13
3101121 13
3101122 13
3101200 4
3101201 4
3101202 4
3101210 4
3101211 4
3101212 4
3101220 4
3101221 4
3101222 4
3102000 -2
3102001 -1
3102002 -5
3102010 0
3102011 0
3102012 0
3102020 -8
3102021 -4
3102022 -13
3102100 0
3102101 0
3102102 0
3102110 0
3102111 0
3102112 0
3102120 0
3102121 0
3102122 0
3102200 -8
3102201 -4
3102202 -13
3102210 0
3102211 0
3102212 0
3102220 -18
3102221 -9
3102222 -1009
3110000 9
3110001 10
3110002 8
3110010 13
3110011 16
3110012 12
3110020 7
3110021 8
3110022 4
3110100 18
3110101 21
3110102 17
3110110 26
3110111 31
3110112 22
3110120 13
3110121 13
3110122 13
3110200 3
3110201 4
3110202 0
3110210 4
3110211 4
3110212 4
3110220 0
3110221 4
3110222 -5
3111000 23
3111001 26
3111002 22
3111010 31
3111011 36
3111012 27
3111020 18
3111021 18
3111022 18
3111100 1022
3111101 1027
3111102 1018
3111110 2018
3111111 3009
3111112 2009
3111120 1009
3111121 1009
3111122 1009
3111200 9
3111201 9
3111202 9
3111210 9
3111211 9
3111212 9
3111220 9
3111221 9
3111222 9
3112000 -1
3112001 0
3112002 -4
3112010 0
3112011 0
3112012 0
3112020 -4
3112021 0
3112022 -9
3112100 0
3112101 0
3112102 0
3112110 0
3112111 0
3112112 0
3112120 0
3112121 0
3112122 0
3112200 -4
3112201 0
3112202 -9
3112210 0
3112211 0
3112212 0
3112220 -9
3112221 0
3112222 -1000
3120000 -1
3120001 0
3120002 -2
3120010 1
3120011 4
3120012 0
3120020 -5
3120021 -4
3120022 -8
3120100 1
3120101 4
3120102 0
3120110 4
3120111 9
3120112 0
3120120 0
3120121 0
3120122 0
3120200 -5
3120201 -4
3120202 -8
3120210 0
3120211 0
3120212 0
3120220 -13
3120221 -9
3120222 -18
3121000 1
3121001 4
3121002 0
3121010 4
3121011 9
3121012 0
3121020 0
3121021 0
3121022 0
3121100 4
3121101 9
3121102 0
3121110 9
3121111 1000
3121112 0
3121120 0
3121121 0
3121122 0
3121200 0
3121201 0
3121202 0
3121210 0
3121211 0
3121212 0
3121220 0
3121221 0
3121222 0
3122000 -5
3122001 -4
3122002 -8
3122010 0
3122011 0
3122012 0
3122020 -13
3122021 -9
3122022 -18
3122100 0
3122101 0
3122102 0
3122110 0
3122111 0
3122112 0
3122120 0
3122121 0
3122122 0
3122200 -13
3122201 -9
3122202 -18
3122210 0
3122211 0
3122212 0
3122220 -1009
3122221 -1000
3122222 -2000
3200000 -2
3200001 -1
3200002 -3
3200010 0
3200011 3
3200012 -1
3200020 -4
3200021 -3
3200022 -7
3200100 1
3200101 4
3200102 0
3200110 7
3200111 12
3200112 3
3200120 -1
3200121 -1
3200122 -1
3200200 -7
3200201 -6
3200202 -10
3200210 -5
3200211 -5
3200212 -5
3200220 -13
3200221 -9
3200222 -18
3201000 2
3201001 5
3201002 1
3201010 8
3201011 13
3201012 4
3201020 0
3201021 0
3201022 0
3201100 8
3201101 13
3201102 4
3201110 18
3201111 1009
3201112 9
3201120 0
3201121 0
3201122 0
3201200 0
3201201 0
3201202 0
3201210 0
3201211 0
3201212 0
3201220 0
3201221 0
3201222 0
3202000 -10
3202001 -9
3202002 -13
3202010 -8
3202011 -8
3202012 -8
3202020 -16
3202021 -12
3202022 -21
3202100 -4
3202101 -4
3202102 -4
3202110 -4
3202111 -4
3202112 -4
3202120 -4
3202121 -4
3202122 -4
3202200 -21
3202201 -17
3202202 -26
3202210 -13
3202211 -13
3202212 -13
3202220 -31
3202221 -22
3202222 -1022
3210000 1
3210001 2
3210002 0
3210010 5
3210011 8
3210012 4
3210020 -1
3210021 0
3210022 -4
3210100 5
3210101 8
3210102 4
3210110 13
3210111 18
3210112 9
3210120 0
3210121 0
3210122 0
3210200 -1
3210201 0
3210202 -4
3210210 0
3210211 0
3210212 0
3210220 -4
3210221 0
3210222 -9
3211000 5
3211001 8
3211002 4
3211010 13
3211011 18
3211012 9
3211020 0
3211021 0
3211022 0
3211100 13
3211101 18
3211102 9
3211110 1009
3211111 2000
3211112 1000
3211120 0
3211121 0
3211122 0
3211200 0
3211201 0
3211202 0
3211210 0
3211211 0
3211212 0
3211220 0
3211221 0
3211222 0
3212000 -1
3212001 0
3212002 -4
3212010 0
3212011 0
3212012 0
3212020 -4
3212021 0
3212022 -9
3212100 0
3212101 0
3212102 0
3212110 0
3212111 0
3212112 0
3212120 0
3212121 0
3212122 0
3212200 -4
3212201 0
3212202 -9
3212210 0
3212211 0
3212212 0
3212220 -9
3212221 0
3212222 -1000
3220000 -9
3220001 -8
3220002 -10
3220010 -7
3220011 -4
3220012 -8
3220020 -13
3220021 -12
3220022 -16
3220100 -3
3220101 0
3220102 -4
3220110 0
3220111 5
3220112 -4
3220120 -4
3220121 -4
3220122 -4
3220200 -18
3220201 -17
3220202 -21
3220210 -13
3220211 -13
3220212 -13
3220220 -26
3220221 -22
3220222 -31
3221000 1
3221001 4
3221002 0
3221010 4
3221011 9
3221012 0
3221020 0
3221021 0
3221022 0
3221100 4
3221101 9
3221102 0
3221110 9
3221111 1000
3221112 0
3221120 0
3221121 0
3221122 0
3221200 0
3221201 0
3221202 0
3221210 0
3221211 0
3221212 0
3221220 0
3221221 0
3221222 0
3222000 -23
3222001 -22
3222002 -26
3222010 -18
3222011 -18
3222012 -18
3222020 -31
3222021 -27
3222022 -36
3222100 -9
3222101 -9
3222102 -9
3222110 -9
3222111 -9
3222112 -9
3222120 -9
3222121 -9
3222122 -9
3222200 -1022
3222201 -1018
3222202 -1027
3222210 -1009
3222211 -1009
3222212 -1009
3222220 -2018
3222221 -2009
3222222 -3009
