30000000 0
30000001 1
30000002 -1
30000010 2
30000011 5
30000012 1
30000020 -2
30000021 -1
30000022 -5
30000100 3
30000101 6
30000102 2
30000110 9
30000111 14
30000112 5
30000120 1
30000121 1
30000122 1
30000200 -3
30000201 -2
30000202 -6
30000210 -1
30000211 -1
30000212 -1
30000220 -9
30000221 -5
30000222 -14
30001000 4
30001001 7
30001002 3
30001010 10
30001011 15
30001012 6
30001020 2
30001021 2
30001022 2
30001100 13
30001101 18
30001102 9
30001110 23
30001111 1014
30001112 14
30001120 5
30001121 5
30001122 5
30001200 1
30001201 1
30001202 1
30001210 1
30001211 1
30001212 1
30001220 1
30001221 1
30001222 1
30002000 -4
30002001 -3
30002002 -7
30002010 -2
30002011 -2
30002012 -2
30002020 -10
30002021 -6
30002022 -15
30002100 -1
30002101 -1
30002102 -1
30002110 -1
30002111 -1
30002112 -1
30002120 -1
30002121 -1
30002122 -1
30002200 -13
30002201 -9
30002202 -18
30002210 -5
30002211 -5
30002212 -5
30002220 -23
30002221 -14
30002222 -1014
30010000 4
30010001 5
30010002 3
30010010 8
30010011 11
30010012 7
30010020 2
30010021 3
30010022 -1
30010100 11
30010101 14
30010102 10
30010110 19
30010111 24
30010112 15
30010120 6
30010121 6
30010122 6
30010200 1
30010201 2
30010202 -2
30010210 2
30010211 2
30010212 2
30010220 -2
30010221 2
30010222 -7
30011000 14
30011001 17
30011002 13
30011010 22
30011011 27
30011012 18
30011020 9
30011021 9
30011022 9
30011100 27
30011101 32
30011102 23
30011110 1023
30011111 2014
30011112 1014
30011120 14
30011121 14
30011122 14
30011200 5
30011201 5
30011202 5
30011210 5
30011211 5
30011212 5
30011220 5
30011221 5
30011222 5
30012000 0
30012001 1
30012002 -3
30012010 1
30012011 1
30012012 1
30012020 -3
30012021 1
30012022 -8
30012100 1
30012101 1
30012102 1
30012110 1
30012111 1
30012112 1
30012120 1
30012121 1
30012122 1
30012200 -3
30012201 1
30012202 -8
30012210 1
30012211 1
30012212 1
30012220 -8
30012221 1
30012222 -999
30020000 -4
30020001 -3
30020002 -5
30020010 -2
30020011 1
30020012 -3
30020020 -8
30020021 -7
30020022 -11
30020100 -1
30020101 2
30020102 -2
30020110 2
30020111 7
30020112 -2
30020120 -2
30020121 -2
30020122 -2
30020200 -11
30020201 -10
30020202 -14
30020210 -6
30020211 -6
30020212 -6
30020220 -19
30020221 -15
30020222 -24
30021000 0
30021001 3
30021002 -1
30021010 3
30021011 8
30021012 -1
30021020 -1
30021021 -1
30021022 -1
30021100 3
30021101 8
30021102 -1
30021110 8
30021111 999
30021112 -1
30021120 -1
30021121 -1
30021122 -1
30021200 -1
30021201 -1
30021202 -1
30021210 -1
30021211 -1
30021212 -1
30021220 -1
30021221 -1
30021222 -1
30022000 -14
30022001 -13
30022002 -17
30022010 -9
30022011 -9
30022012 -9
30022020 -22
30022021 -18
30022022 -27
30022100 -5
30022101 -5
30022102 -5
30022110 -5
30022111 -5
30022112 -5
30022120 -5
30022121 -5
30022122 -5
30022200 -27
30022201 -23
30022202 -32
30022210 -14
30022211 -14
30022212 -14
30022220 -1023
30022221 -1014
30022222 -2014
30100000 3
30100001 4
30100002 2
30100010 5
30100011 8
30100012 4
30100020 1
30100021 2
30100022 -2
30100100 8
30100101 11
30100102 7
30100110 14
30100111 19
30100112 10
30100120 6
30100121 6
30100122 6
30100200 0
30100201 1
30100202 -3
30100210 2
30100211 2
30100212 2
30100220 -6
30100221 -2
30100222 -11
30101000 11
30101001 14
30101002 10
30101010 17
30101011 22
30101012 13
30101020 9
30101021 9
30101022 9
30101100 22
30101101 27
30101102 18
30101110 32
30101111 1023
30101112 23
30101120 14
30101121 14
30101122 14
30101200 5
30101201 5
30101202 5
30101210 5
30101211 5
30101212 5
30101220 5
30101221 5
30101222 5
30102000 -1
30102001 0
30102002 -4
30102010 1
30102011 1
30102012 1
30102020 -7
30102021 -3
30102022 -12
30102100 1
30102101 1
30102102 1
30102110 1
30102111 1
30102112 1
30102120 1
30102121 1
30102122 1
30102200 -7
30102201 -3
30102202 -12
30102210 1
30102211 1
30102212 1
30102220 -17
30102221 -8
30102222 -1008
30110000 13
30110001 14
30110002 12
30110010 17
30110011 20
30110012 16
30110020 11
30110021 12
30110022 8
30110100 22
30110101 25
30110102 21
30110110 30
30110111 35
30110112 26
30110120 17
30110121 17
30110122 17
30110200 7
30110201 8
30110202 4
30110210 8
30110211 8
30110212 8
30110220 4
30110221 8
30110222 -1
30111000 27
30111001 30
30111002 26
30111010 35
30111011 40
30111012 31
30111020 22
30111021 22
30111022 22
30111100 1026
30111101 1031
30111102 1022
30111110 2022
30111111 3013
30111112 2013
30111120 1013
30111121 1013
30111122 1013
30111200 13
30111201 13
30111202 13
30111210 13
30111211 13
30111212 13
30111220 13
30111221 13
30111222 13
30112000 3
30112001 4
30112002 0
30112010 4
30112011 4
30112012 4
30112020 0
30112021 4
30112022 -5
30112100 4
30112101 4
30112102 4
30112110 4
30112111 4
30112112 4
30112120 4
30112121 4
30112122 4
30112200 0
30112201 4
30112202 -5
30112210 4
30112211 4
30112212 4
30112220 -5
30112221 4
30112222 -996
30120000 -1
30120001 0
30120002 -2
30120010 1
30120011 4
30120012 0
30120020 -5
30120021 -4
30120022 -8
30120100 1
30120101 4
30120102 0
30120110 4
30120111 9
30120112 0
30120120 0
30120121 0
30120122 0
30120200 -5
30120201 -4
30120202 -8
30120210 0
30120211 0
30120212 0
30120220 -13
30120221 -9
30120222 -18
30121000 1
30121001 4
30121002 0
30121010 4
30121011 9
30121012 0
30121020 0
30121021 0
30121022 0
30121100 4
30121101 9
30121102 0
30121110 9
30121111 1000
30121112 0
30121120 0
30121121 0
30121122 0
30121200 0
30121201 0
30121202 0
30121210 0
30121211 0
30121212 0
30121220 0
30121221 0
30121222 0
30122000 -5
30122001 -4
30122002 -8
30122010 0
30122011 0
30122012 0
30122020 -13
30122021 -9
30122022 -18
30122100 0
30122101 0
30122102 0
30122110 0
30122111 0
30122112 0
30122120 0
30122121 0
30122122 0
30122200 -13
30122201 -9
30122202 -18
30122210 0
30122211 0
30122212 0
30122220 -1009
30122221 -1000
30122222 -2000
30200000 -3
30200001 -2
30200002 -4
30200010 -1
30200011 2
30200012 -2
30200020 -5
30200021 -4
30200022 -8
30200100 0
30200101 3
30200102 -1
30200110 6
30200111 11
30200112 2
30200120 -2
30200121 -2
30200122 -2
30200200 -8
30200201 -7
30200202 -11
30200210 -6
30200211 -6
30200212 -6
30200220 -14
30200221 -10
30200222 -19
30201000 1
30201001 4
30201002 0
30201010 7
30201011 12
30201012 3
30201020 -1
30201021 -1
30201022 -1
30201100 7
30201101 12
30201102 3
30201110 17
30201111 1008
30201112 8
30201120 -1
30201121 -1
30201122 -1
30201200 -1
30201201 -1
30201202 -1
30201210 -1
30201211 -1
30201212 -1
30201220 -1
30201221 -1
30201222 -1
30202000 -11
30202001 -10
30202002 -14
30202010 -9
30202011 -9
30202012 -9
30202020 -17
30202021 -13
30202022 -22
30202100 -5
30202101 -5
30202102 -5
30202110 -5
30202111 -5
30202112 -5
30202120 -5
30202121 -5
30202122 -5
30202200 -22
30202201 -18
30202202 -27
30202210 -14
30202211 -14
30202212 -14
30202220 -32
30202221 -23
30202222 -1023
30210000 1
30210001 2
30210002 0
30210010 5
30210011 8
30210012 4
30210020 -1
30210021 0
30210022 -4
30210100 5
30210101 8
30210102 4
30210110 13
30210111 18
30210112 9
30210120 0
30210121 0
30210122 0
30210200 -1
30210201 0
30210202 -4
30210210 0
30210211 0
30210212 0
30210220 -4
30210221 0
30210222 -9
30211000 5
30211001 8
30211002 4
30211010 13
30211011 18
30211012 9
30211020 0
30211021 0
30211022 0
30211100 13
30211101 18
30211102 9
30211110 1009
30211111 2000
30211112 1000
30211120 0
30211121 0
30211122 0
30211200 0
30211201 0
30211202 0
30211210 0
30211211 0
30211212 0
30211220 0
30211221 0
30211222 0
30212000 -1
30212001 0
30212002 -4
30212010 0
30212011 0
30212012 0
30212020 -4
30212021 0
30212022 -9
30212100 0
30212101 0
30212102 0
30212110 0
30212111 0
30212112 0
30212120 0
30212121 0
30212122 0
30212200 -4
30212201 0
30212202 -9
30212210 0
30212211 0
30212212 0
30212220 -9
30212221 0
30212222 -1000
30220000 -13
30220001 -12
30220002 -14
30220010 -11
30220011 -8
30220012 -12
30220020 -17
30220021 -16
30220022 -20
30220100 -7
30220101 -4
30220102 -8
30220110 -4
30220111 1
30220112 -8
30220120 -8
30220121 -8
30220122 -8
30220200 -22
30220201 -21
30220202 -25
30220210 -17
30220211 -17
30220212 -17
30220220 -30
30220221 -26
30220222 -35
30221000 -3
30221001 0
30221002 -4
30221010 0
30221011 5
30221012 -4
30221020 -4
30221021 -4
30221022 -4
30221100 0
30221101 5
30221102 -4
30221110 5
30221111 996
30221112 -4
30221120 -4
30221121 -4
30221122 -4
30221200 -4
30221201 -4
30221202 -4
30221210 -4
30221211 -4
30221212 -4
30221220 -4
30221221 -4
30221222 -4
30222000 -27
30222001 -26
30222002 -30
30222010 -22
30222011 -22
30222012 -22
30222020 -35
30222021 -31
30222022 -40
30222100 -13
30222101 -13
30222102 -13
30222110 -13
30222111 -13
30222112 -13
30222120 -13
30222121 -13
30222122 -13
30222200 -1026
30222201 -1022
30222202 -1031
30222210 -1013
30222211 -1013
30222212 -1013
30222220 -2022
30222221 -2013
30222222 -3013
31000000 2
31000001 3
31000002 1
31000010 4
31000011 7
31000012 3
31000020 0
31000021 1
31000022 -3
31000100 5
31000101 8
31000102 4
31000110 11
31000111 16
31000112 7
31000120 3
31000121 3
31000122 3
31000200 -1
31000201 0
31000202 -4
31000210 1
31000211 1
31000212 1
31000220 -7
31000221 -3
31000222 -12
31001000 8
31001001 11
31001002 7
31001010 14
31001011 19
31001012 10
31001020 6
31001021 6
31001022 6
31001100 17
31001101 22
31001102 13
31001110 27
31001111 1018
31001112 18
31001120 9
31001121 9
31001122 9
31001200 5
31001201 5
31001202 5
31001210 5
31001211 5
31001212 5
31001220 5
31001221 5
31001222 5
31002000 -2
31002001 -1
31002002 -5
31002010 0
31002011 0
31002012 0
31002020 -8
31002021 -4
31002022 -13
31002100 1
31002101 1
31002102 1
31002110 1
31002111 1
31002112 1
31002120 1
31002121 1
31002122 1
31002200 -11
31002201 -7
31002202 -16
31002210 -3
31002211 -3
31002212 -3
31002220 -21
31002221 -12
31002222 -1012
31010000 10
31010001 11
31010002 9
31010010 14
31010011 17
31010012 13
31010020 8
31010021 9
31010022 5
31010100 17
31010101 20
31010102 16
31010110 25
31010111 30
31010112 21
31010120 12
31010121 12
31010122 12
31010200 7
31010201 8
31010202 4
31010210 8
31010211 8
31010212 8
31010220 4
31010221 8
31010222 -1
31011000 22
31011001 25
31011002 21
31011010 30
31011011 35
31011012 26
31011020 17
31011021 17
31011022 17
31011100 35
31011101 40
31011102 31
31011110 1031
31011111 2022
31011112 1022
31011120 22
31011121 22
31011122 22
31011200 13
31011201 13
31011202 13
31011210 13
31011211 13
31011212 13
31011220 13
31011221 13
31011222 13
31012000 3
31012001 4
31012002 0
31012010 4
31012011 4
31012012 4
31012020 0
31012021 4
31012022 -5
31012100 4
31012101 4
31012102 4
31012110 4
31012111 4
31012112 4
31012120 4
31012121 4
31012122 4
31012200 0
31012201 4
31012202 -5
31012210 4
31012211 4
31012212 4
31012220 -5
31012221 4
31012222 -996
31020000 -2
31020001 -1
31020002 -3
31020010 0
31020011 3
31020012 -1
31020020 -6
31020021 -5
31020022 -9
31020100 1
31020101 4
31020102 0
31020110 4
31020111 9
31020112 0
31020120 0
31020121 0
31020122 0
31020200 -9
31020201 -8
31020202 -12
31020210 -4
31020211 -4
31020212 -4
31020220 -17
31020221 -13
31020222 -22
31021000 1
31021001 4
31021002 0
31021010 4
31021011 9
31021012 0
31021020 0
31021021 0
31021022 0
31021100 4
31021101 9
31021102 0
31021110 9
31021111 1000
31021112 0
31021120 0
31021121 0
31021122 0
31021200 0
31021201 0
31021202 0
31021210 0
31021211 0
31021212 0
31021220 0
31021221 0
31021222 0
31022000 -9
31022001 -8
31022002 -12
31022010 -4
31022011 -4
31022012 -4
31022020 -17
31022021 -13
31022022 -22
31022100 0
31022101 0
31022102 0
31022110 0
31022111 0
31022112 0
31022120 0
31022121 0
31022122 0
31022200 -22
31022201 -18
31022202 -27
31022210 -9
31022211 -9
31022212 -9
31022220 -1018
31022221 -1009
31022222 -2009
31100000 9
31100001 10
31100002 8
31100010 11
31100011 14
31100012 10
31100020 7
31100021 8
31100022 4
31100100 14
31100101 17
31100102 13
31100110 20
31100111 25
31100112 16
31100120 12
31100121 12
31100122 12
31100200 6
31100201 7
31100202 3
31100210 8
31100211 8
31100212 8
31100220 0
31100221 4
31100222 -5
31101000 19
31101001 22
31101002 18
31101010 25
31101011 30
31101012 21
31101020 17
31101021 17
31101022 17
31101100 30
31101101 35
31101102 26
31101110 40
31101111 1031
31101112 31
31101120 22
31101121 22
31101122 22
31101200 13
31101201 13
31101202 13
31101210 13
31101211 13
31101212 13
31101220 13
31101221 13
31101222 13
31102000 2
31102001 3
31102002 -1
31102010 4
31102011 4
31102012 4
31102020 -4
31102021 0
31102022 -9
31102100 4
31102101 4
31102102 4
31102110 4
31102111 4
31102112 4
31102120 4
31102121 4
31102122 4
31102200 -4
31102201 0
31102202 -9
31102210 4
31102211 4
31102212 4
31102220 -14
31102221 -5
31102222 -1005
31110000 23
31110001 24
31110002 22
31110010 27
31110011 30
31110012 26
31110020 21
31110021 22
31110022 18
31110100 32
31110101 35
31110102 31
31110110 40
31110111 45
31110112 36
31110120 27
31110121 27
31110122 27
31110200 17
31110201 18
31110202 14
31110210 18
31110211 18
31110212 18
31110220 14
31110221 18
31110222 9
31111000 1023
31111001 1026
31111002 1022
31111010 1031
31111011 1036
31111012 1027
31111020 1018
31111021 1018
31111022 1018
31111100 2022
31111101 2027
31111102 2018
31111110 3018
31111111 4009
31111112 3009
31111120 2009
31111121 2009
31111122 2009
31111200 1009
31111201 1009
31111202 1009
31111210 1009
31111211 1009
31111212 1009
31111220 1009
31111221 1009
31111222 1009
31112000 8
31112001 9
31112002 5
31112010 9
31112011 9
31112012 9
31112020 5
31112021 9
31112022 0
31112100 9
31112101 9
31112102 9
31112110 9
31112111 9
31112112 9
31112120 9
31112121 9
31112122 9
31112200 5
31112201 9
31112202 0
31112210 9
31112211 9
31112212 9
31112220 0
31112221 9
31112222 -991
31120000 -1
31120001 0
31120002 -2
31120010 1
31120011 4
31120012 0
31120020 -5
31120021 -4
31120022 -8
31120100 1
31120101 4
31120102 0
31120110 4
31120111 9
31120112 0
31120120 0
31120121 0
31120122 0
31120200 -5
31120201 -4
31120202 -8
31120210 0
31120211 0
31120212 0
31120220 -13
31120221 -9
31120222 -18
31121000 1
31121001 4
31121002 0
31121010 4
31121011 9
31121012 0
31121020 0
31121021 0
31121022 0
31121100 4
31121101 9
31121102 0
31121110 9
31121111 1000
31121112 0
31121120 0
31121121 0
31121122 0
31121200 0
31121201 0
31121202 0
31121210 0
31121211 0
31121212 0
31121220 0
31121221 0
31121222 0
31122000 -5
31122001 -4
31122002 -8
31122010 0
31122011 0
31122012 0
31122020 -13
31122021 -9
31122022 -18
31122100 0
31122101 0
31122102 0
31122110 0
31122111 0
31122112 0
31122120 0
31122121 0
31122122 0
31122200 -13
31122201 -9
31122202 -18
31122210 0
31122211 0
31122212 0
31122220 -1009
31122221 -1000
31122222 -2000
31200000 -1
31200001 0
31200002 -2
31200010 1
31200011 4
31200012 0
31200020 -3
31200021 -2
31200022 -6
31200100 2
31200101 5
31200102 1
31200110 8
31200111 13
31200112 4
31200120 0
31200121 0
31200122 0
31200200 -6
31200201 -5
31200202 -9
31200210 -4
31200211 -4
31200212 -4
31200220 -12
31200221 -8
31200222 -17
31201000 2
31201001 5
31201002 1
31201010 8
31201011 13
31201012 4
31201020 0
31201021 0
31201022 0
31201100 8
31201101 13
31201102 4
31201110 18
31201111 1009
31201112 9
31201120 0
31201121 0
31201122 0
31201200 0
31201201 0
31201202 0
31201210 0
31201211 0
31201212 0
31201220 0
31201221 0
31201222 0
31202000 -6
31202001 -5
31202002 -9
31202010 -4
31202011 -4
31202012 -4
31202020 -12
31202021 -8
31202022 -17
31202100 0
31202101 0
31202102 0
31202110 0
31202111 0
31202112 0
31202120 0
31202121 0
31202122 0
31202200 -17
31202201 -13
31202202 -22
31202210 -9
31202211 -9
31202212 -9
31202220 -27
31202221 -18
31202222 -1018
31210000 1
31210001 2
31210002 0
31210010 5
31210011 8
31210012 4
31210020 -1
31210021 0
31210022 -4
31210100 5
31210101 8
31210102 4
31210110 13
31210111 18
31210112 9
31210120 0
31210121 0
31210122 0
31210200 -1
31210201 0
31210202 -4
31210210 0
31210211 0
31210212 0
31210220 -4
31210221 0
31210222 -9
31211000 5
31211001 8
31211002 4
31211010 13
31211011 18
31211012 9
31211020 0
31211021 0
31211022 0
31211100 13
31211101 18
31211102 9
31211110 1009
31211111 2000
31211112 1000
31211120 0
31211121 0
31211122 0
31211200 0
31211201 0
31211202 0
31211210 0
31211211 0
31211212 0
31211220 0
31211221 0
31211222 0
31212000 -1
31212001 0
31212002 -4
31212010 0
31212011 0
31212012 0
31212020 -4
31212021 0
31212022 -9
31212100 0
31212101 0
31212102 0
31212110 0
31212111 0
31212112 0
31212120 0
31212121 0
31212122 0
31212200 -4
31212201 0
31212202 -9
31212210 0
31212211 0
31212212 0
31212220 -9
31212221 0
31212222 -1000
31220000 -5
31220001 -4
31220002 -6
31220010 -3
31220011 0
31220012 -4
31220020 -9
31220021 -8
31220022 -12
31220100 1
31220101 4
31220102 0
31220110 4
31220111 9
31220112 0
31220120 0
31220121 0
31220122 0
31220200 -14
31220201 -13
31220202 -17
31220210 -9
31220211 -9
31220212 -9
31220220 -22
31220221 -18
31220222 -27
31221000 1
31221001 4
31221002 0
31221010 4
31221011 9
31221012 0
31221020 0
31221021 0
31221022 0
31221100 4
31221101 9
31221102 0
31221110 9
31221111 1000
31221112 0
31221120 0
31221121 0
31221122 0
31221200 0
31221201 0
31221202 0
31221210 0
31221211 0
31221212 0
31221220 0
31221221 0
31221222 0
31222000 -14
31222001 -13
31222002 -17
31222010 -9
31222011 -9
31222012 -9
31222020 -22
31222021 -18
31222022 -27
31222100 0
31222101 0
31222102 0
31222110 0
31222111 0
31222112 0
31222120 0
31222121 0
31222122 0
31222200 -1013
31222201 -1009
31222202 -1018
31222210 -1000
31222211 -1000
31222212 -1000
31222220 -2009
31222221 -2000
31222222 -3000
32000000 -2
32000001 -1
32000002 -3
32000010 0
32000011 3
32000012 -1
32000020 -4
32000021 -3
32000022 -7
32000100 1
32000101 4
32000102 0
32000110 7
32000111 12
32000112 3
32000120 -1
32000121 -1
32000122 -1
32000200 -5
32000201 -4
32000202 -8
32000210 -3
32000211 -3
32000212 -3
32000220 -11
32000221 -7
32000222 -16
32001000 2
32001001 5
32001002 1
32001010 8
32001011 13
32001012 4
32001020 0
32001021 0
32001022 0
32001100 11
32001101 16
32001102 7
32001110 21
32001111 1012
32001112 12
32001120 3
32001121 3
32001122 3
32001200 -1
32001201 -1
32001202 -1
32001210 -1
32001211 -1
32001212 -1
32001220 -1
32001221 -1
32001222 -1
32002000 -8
32002001 -7
32002002 -11
32002010 -6
32002011 -6
32002012 -6
32002020 -14
32002021 -10
32002022 -19
32002100 -5
32002101 -5
32002102 -5
32002110 -5
32002111 -5
32002112 -5
32002120 -5
32002121 -5
32002122 -5
32002200 -17
32002201 -13
32002202 -22
32002210 -9
32002211 -9
32002212 -9
32002220 -27
32002221 -18
32002222 -1018
32010000 2
32010001 3
32010002 1
32010010 6
32010011 9
32010012 5
32010020 0
32010021 1
32010022 -3
32010100 9
32010101 12
32010102 8
32010110 17
32010111 22
32010112 13
32010120 4
32010121 4
32010122 4
32010200 -1
32010201 0
32010202 -4
32010210 0
32010211 0
32010212 0
32010220 -4
32010221 0
32010222 -9
32011000 9
32011001 12
32011002 8
32011010 17
32011011 22
32011012 13
32011020 4
32011021 4
32011022 4
32011100 22
32011101 27
32011102 18
32011110 1018
32011111 2009
32011112 1009
32011120 9
32011121 9
32011122 9
32011200 0
32011201 0
32011202 0
32011210 0
32011211 0
32011212 0
32011220 0
32011221 0
32011222 0
32012000 -1
32012001 0
32012002 -4
32012010 0
32012011 0
32012012 0
32012020 -4
32012021 0
32012022 -9
32012100 0
32012101 0
32012102 0
32012110 0
32012111 0
32012112 0
32012120 0
32012121 0
32012122 0
32012200 -4
32012201 0
32012202 -9
32012210 0
32012211 0
32012212 0
32012220 -9
32012221 0
32012222 -1000
32020000 -10
32020001 -9
32020002 -11
32020010 -8
32020011 -5
32020012 -9
32020020 -14
32020021 -13
32020022 -17
32020100 -7
32020101 -4
32020102 -8
32020110 -4
32020111 1
32020112 -8
32020120 -8
32020121 -8
32020122 -8
32020200 -17
32020201 -16
32020202 -20
32020210 -12
32020211 -12
32020212 -12
32020220 -25
32020221 -21
32020222 -30
32021000 -3
32021001 0
32021002 -4
32021010 0
32021011 5
32021012 -4
32021020 -4
32021021 -4
32021022 -4
32021100 0
32021101 5
32021102 -4
32021110 5
32021111 996
32021112 -4
32021120 -4
32021121 -4
32021122 -4
32021200 -4
32021201 -4
32021202 -4
32021210 -4
32021211 -4
32021212 -4
32021220 -4
32021221 -4
32021222 -4
32022000 -22
32022001 -21
32022002 -25
32022010 -17
32022011 -17
32022012 -17
32022020 -30
32022021 -26
32022022 -35
32022100 -13
32022101 -13
32022102 -13
32022110 -13
32022111 -13
32022112 -13
32022120 -13
32022121 -13
32022122 -13
32022200 -35
32022201 -31
32022202 -40
32022210 -22
32022211 -22
32022212 -22
32022220 -1031
32022221 -1022
32022222 -2022
32100000 1
32100001 2
32100002 0
32100010 3
32100011 6
32100012 2
32100020 -1
32100021 0
32100022 -4
32100100 6
32100101 9
32100102 5
32100110 12
32100111 17
32100112 8
32100120 4
32100121 4
32100122 4
32100200 -2
32100201 -1
32100202 -5
32100210 0
32100211 0
32100212 0
32100220 -8
32100221 -4
32100222 -13
32101000 6
32101001 9
32101002 5
32101010 12
32101011 17
32101012 8
32101020 4
32101021 4
32101022 4
32101100 17
32101101 22
32101102 13
32101110 27
32101111 1018
32101112 18
32101120 9
32101121 9
32101122 9
32101200 0
32101201 0
32101202 0
32101210 0
32101211 0
32101212 0
32101220 0
32101221 0
32101222 0
32102000 -2
32102001 -1
32102002 -5
32102010 0
32102011 0
32102012 0
32102020 -8
32102021 -4
32102022 -13
32102100 0
32102101 0
32102102 0
32102110 0
32102111 0
32102112 0
32102120 0
32102121 0
32102122 0
32102200 -8
32102201 -4
32102202 -13
32102210 0
32102211 0
32102212 0
32102220 -18
32102221 -9
32102222 -1009
32110000 5
32110001 6
32110002 4
32110010 9
32110011 12
32110012 8
32110020 3
32110021 4
32110022 0
32110100 14
32110101 17
32110102 13
32110110 22
32110111 27
32110112 18
32110120 9
32110121 9
32110122 9
32110200 -1
32110201 0
32110202 -4
32110210 0
32110211 0
32110212 0
32110220 -4
32110221 0
32110222 -9
32111000 14
32111001 17
32111002 13
32111010 22
32111011 27
32111012 18
32111020 9
32111021 9
32111022 9
32111100 1013
32111101 1018
32111102 1009
32111110 2009
32111111 3000
32111112 2000
32111120 1000
32111121 1000
32111122 1000
32111200 0
32111201 0
32111202 0
32111210 0
32111211 0
32111212 0
32111220 0
32111221 0
32111222 0
32112000 -1
32112001 0
32112002 -4
32112010 0
32112011 0
32112012 0
32112020 -4
32112021 0
32112022 -9
32112100 0
32112101 0
32112102 0
32112110 0
32112111 0
32112112 0
32112120 0
32112121 0
32112122 0
32112200 -4
32112201 0
32112202 -9
32112210 0
32112211 0
32112212 0
32112220 -9
32112221 0
32112222 -1000
32120000 -1
32120001 0
32120002 -2
32120010 1
32120011 4
32120012 0
32120020 -5
32120021 -4
32120022 -8
32120100 1
32120101 4
32120102 0
32120110 4
32120111 9
32120112 0
32120120 0
32120121 0
32120122 0
32120200 -5
32120201 -4
32120202 -8
32120210 0
32120211 0
32120212 0
32120220 -13
32120221 -9
32120222 -18
32121000 1
32121001 4
32121002 0
32121010 4
32121011 9
32121012 0
32121020 0
32121021 0
32121022 0
32121100 4
32121101 9
32121102 0
32121110 9
32121111 1000
32121112 0
32121120 0
32121121 0
32121122 0
32121200 0
32121201 0
32121202 0
32121210 0
32121211 0
32121212 0
32121220 0
32121221 0
32121222 0
32122000 -5
32122001 -4
32122002 -8
32122010 0
32122011 0
32122012 0
32122020 -13
32122021 -9
32122022 -18
32122100 0
32122101 0
32122102 0
32122110 0
32122111 0
32122112 0
32122120 0
32122121 0
32122122 0
32122200 -13
32122201 -9
32122202 -18
32122210 0
32122211 0
32122212 0
32122220 -1009
32122221 -1000
32122222 -2000
32200000 -9
32200001 -8
32200002 -10
32200010 -7
32200011 -4
32200012 -8
32200020 -11
32200021 -10
32200022 -14
32200100 -6
32200101 -3
32200102 -7
32200110 0
32200111 5
32200112 -4
32200120 -8
32200121 -8
32200122 -8
32200200 -14
32200201 -13
32200202 -17
32200210 -12
32200211 -12
32200212 -12
32200220 -20
32200221 -16
32200222 -25
32201000 -2
32201001 1
32201002 -3
32201010 4
32201011 9
32201012 0
32201020 -4
32201021 -4
32201022 -4
32201100 4
32201101 9
32201102 0
32201110 14
32201111 1005
32201112 5
32201120 -4
32201121 -4
32201122 -4
32201200 -4
32201201 -4
32201202 -4
32201210 -4
32201211 -4
32201212 -4
32201220 -4
32201221 -4
32201222 -4
32202000 -19
32202001 -18
32202002 -22
32202010 -17
32202011 -17
32202012 -17
32202020 -25
32202021 -21
32202022 -30
32202100 -13
32202101 -13
32202102 -13
32202110 -13
32202111 -13
32202112 -13
32202120 -13
32202121 -13
32202122 -13
32202200 -30
32202201 -26
32202202 -35
32202210 -22
32202211 -22
32202212 -22
32202220 -40
32202221 -31
32202222 -1031
32210000 1
32210001 2
32210002 0
32210010 5
32210011 8
32210012 4
32210020 -1
32210021 0
32210022 -4
32210100 5
32210101 8
32210102 4
32210110 13
32210111 18
32210112 9
32210120 0
32210121 0
32210122 0
32210200 -1
32210201 0
32210202 -4
32210210 0
32210211 0
32210212 0
32210220 -4
32210221 0
32210222 -9
32211000 5
32211001 8
32211002 4
32211010 13
32211011 18
32211012 9
32211020 0
32211021 0
32211022 0
32211100 13
32211101 18
32211102 9
32211110 1009
32211111 2000
32211112 1000
32211120 0
32211121 0
32211122 0
32211200 0
32211201 0
32211202 0
32211210 0
32211211 0
32211212 0
32211220 0
32211221 0
32211222 0
32212000 -1
32212001 0
32212002 -4
32212010 0
32212011 0
32212012 0
32212020 -4
32212021 0
32212022 -9
32212100 0
32212101 0
32212102 0
32212110 0
32212111 0
32212112 0
32212120 0
32212121 0
32212122 0
32212200 -4
32212201 0
32212202 -9
32212210 0
32212211 0
32212212 0
32212220 -9
32212221 0
32212222 -1000
32220000 -23
32220001 -22
32220002 -24
32220010 -21
32220011 -18
32220012 -22
32220020 -27
32220021 -26
32220022 -30
32220100 -17
32220101 -14
32220102 -18
32220110 -14
32220111 -9
32220112 -18
32220120 -18
32220121 -18
32220122 -18
32220200 -32
32220201 -31
32220202 -35
32220210 -27
32220211 -27
32220212 -27
32220220 -40
32220221 -36
32220222 -45
32221000 -8
32221001 -5
32221002 -9
32221010 -5
32221011 0
32221012 -9
32221020 -9
32221021 -9
32221022 -9
32221100 -5
32221101 0
32221102 -9
32221110 0
32221111 991
32221112 -9
32221120 -9
32221121 -9
32221122 -9
32221200 -9
32221201 -9
32221202 -9
32221210 -9
32221211 -9
32221212 -9
32221220 -9
32221221 -9
32221222 -9
32222000 -1023
32222001 -1022
32222002 -1026
32222010 -1018
32222011 -1018
32222012 -1018
32222020 -1031
32222021 -1027
32222022 -1036
32222100 -1009
32222101 -1009
32222102 -1009
32222110 -1009
32222111 -1009
32222112 -1009
32222120 -1009
32222121 -1009
32222122 -1009
32222200 -2022
32222201 -2018
32222202 -2027
32222210 -2009
32222211 -2009
32222212 -2009
32222220 -3018
32222221 -3009
32222222 -4009
